-6411
8563
4876
1406
6925
-51
-3164
1138
-5163
-6548
-6095
3076
-7104
2326
-7913
2356
-7081
7170
1963
-5564
1240
-1890
-6206
9534
-2414
5414
-8130
-5386
9610
3210
5029
-9732
9874
-236
2092
-445
1011
6952
8481
3411
9067
2982
4774
8642
-8907
4622
-5885
-4281
-3221
-1971
-6924
-4731
-7766
-1290
2033
1311
-5244
6662
4647
-4298
-2964
2112
-114
6049
714
7705
7978
1925
2057
-9792
-3861
-5904
5257
-6706
6469
875
7571
473
8048
-7707
9225
-9393
1054
-9516
2935
3123
-8428
-3279
9559
4042
-6311
-9883
-4842
4563
1909
-3372
-1982
9275
5157
-425
3144
3851
4969
3079
-9386
6507
7826
-7014
-921
1859
3907
-1171
-4542
-874
8605
-3619
-4327
1055
9368
8528
9725
-4259
1466
-3406
7189
-8218
-2490
5655
-8602
-8850
1023
3986
1769
5508
1826
6180
3926
-3945
-7005
5289
4642
5763
7577
-4549
1013
-5761
582
7276
8025
-9489
-9377
8088
244
-3606
1983
8172
8466
4061
-7362
-5538
9536
-3660
-2763
2062
-5714
4183
1137
778
5946
-2868
-1226
4881
-7679
-2824
-701
-3920
625
262
8574
-3325
2227
-4523
7252
5171
-948
-8905
4727
6976
-2692
5815
-2303
9400
-3297
2460
2627
1608
1673
-7826
-9648
8225
-3369
-4699
-1379
-8501
-188
3001
6893
7905
-6652
-9681
-6008
-3556
-6979
-4885
-33
-4974
9463
-1374
-7056
5067
9645
-6518
4031
4152
-4199
5757
-7856
-3263
-5208
-6076
7457
-1336
-7294
-9386
7449
-1305
4549
8506
-1068
8359
4702
-7321
2511
-2841
-3288
-4456
-5824
5988
6508
1568
-818
5541
-8357
-3433
-6007
-6924
-3113
-9302
2744
8834
-1467
3493
9119
3362
8338
-9702
8050
575
7169
-3029
-8977
4120
-6799
2429
6681
-4326
1795
-4772
1819
7429
-7708
-4314
585
-9340
9319
-9436
-2191
8680
-5467
506
5687
-8389
-7866
2127
-9024
-9120
121
5239
3889
5128
5845
-2320
-3588
2810
8664
-9545
7982
-9674
-3158
-9044
329
-9896
-9401
7436
9675
-3647
-9946
9183
-2057
9987
-1801
-5668
5427
-8983
-6004
4732
3206
-9957
6015
-2795
3987
-4833
8056
-8827
6376
-9732
1671
-5942
-2830
-6475
-5886
-8107
-1768
-5070
-8812
843
-2386
-3220
9667
5477
-5444
4771
6577
-6996
-8856
-6087
-6764
8771
-5978
2341
7658
7968
2507
-8040
4208
3071
-9510
1966
-2811
5725
5362
145
-9306
-1543
2952
-8525
-8786
404
-2485
3283
3588
-7558
-4396
-16
5540
1218
8644
-5510
-4836
-9616
4866
5865
1735
8149
8838
-5664
-5025
-8636
-4264
3918
7469
-4733
-6592
-1607
623
3836
-9157
4653
-3648
415
7499
-4996
-9651
-3947
-465
-2315
-7526
1523
7060
3010
1380
6122
-5597
-4065
5935
929
8705
8042
-9424
3313
8658
6929
5153
-7007
7480
-4190
-6471
200
8958
534
-1177
-434
-8510
-7863
9445
5258
2339
9270
5768
7681
971
45
6976
-8008
-3826
-6821
-6837
3660
4115
-8931
3482
-990
-5258
4345
-4207
-48
-8752
-204
-436
673
-2874
6127
-5678
-9955
-8583
6468
-5489
-4538
-808
5932
-7876
-6705
8701
-8787
-5961
7979
-7188
6424
-7787
-9042
-3999
-5085
-5068
6873
4184
4767
-9428
-6494
8684
-6078
4320
5421
4773
-2213
3154
-2547
3204
3845
4920
-4214
1903
3373
7820
-2847
2130
5551
-6879
7851
5292
7936
2299
-5541
-9782
8897
5338
9597
-9173
-1704
-66
-3791
8627
-2726
-6338
5542
-6670
5958
8681
-2288
5195
-9168
1360
6902
2955
5860
-1269
5253
-6948
889
9715
2509
-9658
9370
2202
-3446
4340
-6852
977
778
-5313
-9074
3810
6435
3941
2113
1314
5942
-7178
7608
-9782
1395
-5648
-1790
-7734
1638
-1952
56
-5367
8666
-5193
3888
-343
9241
-7495
-7983
-5539
-332
3657
-7889
-6903
9114
7902
3725
3437
-9992
6291
1453
334
-720
-5
-9420
-4933
7383
8385
7433
6202
342
5925
-2865
8473
8369
9722
1812
2226
-4372
-7280
-9486
-111
8102
-2060
2639
-8441
5322
-8935
1999
6101
3644
9254
-9873
4154
-3104
5918
7797
3438
-6304
-7815
5236
-1352
-365
-1517
8431
-1797
9126
-8672
2009
-6660
-3834
5638
-6812
-2988
2707
8751
9006
-8852
-8607
266
-6796
3427
5493
5730
2687
7228
-7409
-3479
1328
-8795
2603
5848
1159
-9166
-6445
832
-8722
-217
-2986
-3392
-2549
-3629
270
-9428
-3115
4105
8020
-7989
-5517
-1319
-6851
-7413
8792
-38
-5691
-5993
9835
2004
-5073
-690
2301
258
7587
-8152
-809
-9679
1347
-4396
8196
-8907
-7336
-6476
-1034
2865
-9691
5114
-7301
447
9322
-2618
-1326
-7331
7714
-3372
-7148
9279
8917
-1459
-7945
9814
6901
-7785
3956
-2711
2241
-9794
-8719
9617
-5023
-4469
6628
-2308
8805
2125
-3797
2350
6379
7133
9700
2309
3234
463
9626
3354
3193
5525
-2575
9560
470
8645
9017
4172
4541
-9192
-8735
6860
1991
7259
-8460
-7948
6571
-2322
-3848
9352
4423
1820
7485
820
-3838
-8934
-9640
203
-2067
3259
-1617
-3805
3039
1575
-5237
2088
6352
-9414
951
-1624
8097
-3198
-5697
-3915
2513
4541
-4117
7673
1949
9078
6746
4457
-7299
1295
7153
3582
-5978
-9145
8802
-4631
-1761
8327
-1489
4051
-7823
9077
2369
6553
2233
7444
4919
2729
9508
6906
-850
-5495
-5954
2644
-9244
8214
3091
7506
2450
-2438
-7283
4512
-3921
4827
571
-4177
-144
8995
6244
-8764
19
-4951
-7132
6604
6707
8968
-7943
4507
-4379
9725
5552
-5881
3689
4592
8396
5015
7449
5244
-5282
-7301
-3929
901
-831
-7027
-9417
-4890
2374
3057
4739
7400
7910
4714
-8919
-3027
2189
7417
461
-7317
4439
4191
-3043
5732
-3819
-7643
3936
7536
2884
3413
7117
2691
-2136
-1501
-5447
-5475
95
-1330
9551
-3203
8878
-202
4701
-9612
-4741
-9679
3446
-5421
-6360
1971
-3477
3124
28
391
1800
-5393
-854
-2676
-5365
-569
6204
-3010
9985
-3521
-9331
8894
7625
9069
8956
4953
9828
9522
-3277
6699
-482
2083
-1485
-3737
242
-307
5306
-282
-7674
2288
-2070
8477
-2453
-9440
-9885
7924
-5777
4937
-3913
3833
-5036
-520
-778
1101
6672
-6004
-221
-5026
44
-1249
-4549
-1238
-1059
8673
3243
4366
-1624
-9274
-7791
-9692
5864
-3167
8293
-6024
1062
7995
-7485
-7115
160
-1311
827
-3758
-5243
4944
1723
4614
1776
-5417
-6903
-843
-2832
7971
8527
3877
-6244
