-9992
-9957
-9955
-9946
-9896
-9885
-9883
-9873
-9794
-9792
-9782
-9782
-9732
-9732
-9702
-9692
-9691
-9681
-9679
-9679
-9674
-9658
-9651
-9648
-9640
-9616
-9612
-9545
-9516
-9510
-9489
-9486
-9440
-9436
-9428
-9428
-9424
-9420
-9417
-9414
-9401
-9393
-9386
-9386
-9377
-9340
-9331
-9306
-9302
-9274
-9244
-9192
-9173
-9168
-9166
-9157
-9145
-9120
-9074
-9044
-9042
-9024
-8983
-8977
-8935
-8934
-8931
-8919
-8907
-8907
-8905
-8856
-8852
-8850
-8827
-8812
-8795
-8787
-8786
-8764
-8752
-8735
-8722
-8719
-8672
-8636
-8607
-8602
-8583
-8525
-8510
-8501
-8460
-8441
-8428
-8389
-8357
-8218
-8152
-8130
-8107
-8040
-8008
-7989
-7983
-7948
-7945
-7943
-7913
-7889
-7876
-7866
-7863
-7856
-7826
-7823
-7815
-7791
-7787
-7785
-7766
-7734
-7708
-7707
-7679
-7674
-7643
-7558
-7526
-7495
-7485
-7413
-7409
-7362
-7336
-7331
-7321
-7317
-7301
-7301
-7299
-7294
-7283
-7280
-7188
-7178
-7148
-7132
-7115
-7104
-7081
-7056
-7027
-7014
-7007
-7005
-6996
-6979
-6948
-6924
-6924
-6903
-6903
-6879
-6852
-6851
-6837
-6821
-6812
-6799
-6796
-6764
-6706
-6705
-6670
-6660
-6652
-6592
-6548
-6518
-6494
-6476
-6475
-6471
-6445
-6411
-6360
-6338
-6311
-6304
-6244
-6206
-6095
-6087
-6078
-6076
-6024
-6008
-6007
-6004
-6004
-5993
-5978
-5978
-5961
-5954
-5942
-5904
-5886
-5885
-5881
-5824
-5777
-5761
-5714
-5697
-5691
-5678
-5668
-5664
-5648
-5597
-5564
-5541
-5539
-5538
-5517
-5510
-5495
-5489
-5475
-5467
-5447
-5444
-5421
-5417
-5393
-5386
-5367
-5365
-5313
-5282
-5258
-5244
-5243
-5237
-5208
-5193
-5163
-5085
-5073
-5070
-5068
-5036
-5026
-5025
-5023
-4996
-4974
-4951
-4933
-4890
-4885
-4842
-4836
-4833
-4772
-4741
-4733
-4731
-4699
-4631
-4549
-4549
-4542
-4538
-4523
-4469
-4456
-4396
-4396
-4379
-4372
-4327
-4326
-4314
-4298
-4281
-4264
-4259
-4214
-4207
-4199
-4190
-4177
-4117
-4065
-3999
-3947
-3945
-3929
-3921
-3920
-3915
-3913
-3861
-3848
-3838
-3834
-3826
-3819
-3805
-3797
-3791
-3758
-3737
-3660
-3648
-3647
-3629
-3619
-3606
-3588
-3556
-3521
-3479
-3477
-3446
-3433
-3406
-3392
-3372
-3372
-3369
-3325
-3297
-3288
-3279
-3277
-3263
-3221
-3220
-3203
-3198
-3167
-3164
-3158
-3115
-3113
-3104
-3043
-3029
-3027
-3010
-2988
-2986
-2964
-2874
-2868
-2865
-2847
-2841
-2832
-2830
-2824
-2811
-2795
-2763
-2726
-2711
-2692
-2676
-2618
-2575
-2549
-2547
-2490
-2485
-2453
-2438
-2414
-2386
-2322
-2320
-2315
-2308
-2303
-2288
-2213
-2191
-2136
-2070
-2067
-2060
-2057
-1982
-1971
-1952
-1890
-1801
-1797
-1790
-1768
-1761
-1704
-1624
-1624
-1617
-1607
-1543
-1517
-1501
-1489
-1485
-1467
-1459
-1379
-1374
-1352
-1336
-1330
-1326
-1319
-1311
-1305
-1290
-1269
-1249
-1238
-1226
-1177
-1171
-1068
-1059
-1034
-990
-948
-921
-874
-854
-850
-843
-831
-818
-809
-808
-778
-720
-701
-690
-569
-520
-482
-465
-445
-436
-434
-425
-365
-343
-332
-307
-282
-236
-221
-217
-204
-202
-188
-144
-114
-111
-66
-51
-48
-38
-33
-16
-5
19
28
44
45
56
95
121
145
160
200
203
242
244
258
262
266
270
329
334
342
391
404
415
447
461
463
470
473
506
534
571
575
582
585
623
625
673
714
778
778
820
827
832
843
875
889
901
929
951
971
977
1011
1013
1023
1054
1055
1062
1101
1137
1138
1159
1218
1240
1295
1311
1314
1328
1347
1360
1380
1395
1406
1453
1466
1523
1568
1575
1608
1638
1671
1673
1723
1735
1769
1776
1795
1800
1812
1819
1820
1826
1859
1903
1909
1925
1949
1963
1966
1971
1983
1991
1999
2004
2009
2033
2057
2062
2083
2088
2092
2112
2113
2125
2127
2130
2189
2202
2226
2227
2233
2241
2288
2299
2301
2309
2326
2339
2341
2350
2356
2369
2374
2429
2450
2460
2507
2509
2511
2513
2603
2627
2639
2644
2687
2691
2707
2729
2744
2810
2865
2884
2935
2952
2955
2982
3001
3010
3039
3057
3071
3076
3079
3091
3123
3124
3144
3154
3193
3204
3206
3210
3234
3243
3259
3283
3313
3354
3362
3373
3411
3413
3427
3437
3438
3446
3482
3493
3582
3588
3644
3657
3660
3689
3725
3810
3833
3836
3845
3851
3877
3888
3889
3907
3918
3926
3936
3941
3956
3986
3987
4031
4042
4051
4061
4105
4115
4120
4152
4154
4172
4183
4184
4191
4208
4320
4340
4345
4366
4423
4439
4457
4507
4512
4541
4541
4549
4563
4592
4614
4622
4642
4647
4653
4701
4702
4714
4727
4732
4739
4767
4771
4773
4774
4827
4866
4876
4881
4919
4920
4937
4944
4953
4969
5015
5029
5067
5114
5128
5153
5157
5171
5195
5236
5239
5244
5253
5257
5258
5289
5292
5306
5322
5338
5362
5414
5421
5427
5477
5493
5508
5525
5540
5541
5542
5551
5552
5638
5655
5687
5725
5730
5732
5757
5763
5768
5815
5845
5848
5860
5864
5865
5918
5925
5932
5935
5942
5946
5958
5988
6015
6049
6101
6122
6127
6180
6202
6204
6244
6291
6352
6376
6379
6424
6435
6468
6469
6507
6508
6553
6571
6577
6604
6628
6662
6672
6681
6699
6707
6746
6860
6873
6893
6901
6902
6906
6925
6929
6952
6976
6976
7060
7117
7133
7153
7169
7170
7189
7228
7252
7259
7276
7383
7400
7417
7429
7433
7436
7444
7449
7449
7457
7469
7480
7485
7499
7506
7536
7571
7577
7587
7608
7625
7658
7673
7681
7705
7714
7797
7820
7826
7851
7902
7905
7910
7924
7936
7968
7971
7978
7979
7982
7995
8020
8025
8042
8048
8050
8056
8088
8097
8102
8149
8172
8196
8214
8225
8293
8327
8338
8359
8369
8385
8396
8431
8466
8473
8477
8481
8506
8527
8528
8563
8574
8605
8627
8642
8644
8645
8658
8664
8666
8673
8680
8681
8684
8701
8705
8751
8771
8792
8802
8805
8834
8838
8878
8894
8897
8917
8956
8958
8968
8995
9006
9017
9067
9069
9077
9078
9114
9119
9126
9183
9225
9241
9254
9270
9275
9279
9319
9322
9352
9368
9370
9400
9445
9463
9508
9522
9534
9536
9551
9559
9560
9597
9610
9617
9626
9645
9667
9675
9700
9715
9722
9725
9725
9814
9828
9835
9874
9985
9987
