4577
4477
-9937
355
-4828
5411
6884
6327
-8321
2383
9786
9520
9357
9376
3359
4976
-3169
-1455
5702
2382
-9959
7286
-4370
6179
1034
-1396
5150
2761
-8042
3085
3797
9195
-2418
-9347
8905
9887
-1319
-3467
3890
-1127
-4337
-3106
-8768
4134
9612
-4134
8191
9978
5571
9487
8358
-5755
-1018
-8511
3119
8595
9205
-3401
2235
2571
-359
-2499
-7369
-5082
-1165
-4390
-7454
7534
2976
3546
5110
-1817
-8887
5783
-6807
2085
7591
8371
-6773
2691
9357
-333
-8781
4162
4528
4541
7944
-9650
1555
-957
-3018
4059
9291
4105
-9661
-6307
-7556
843
2780
-3394
8124
-6933
2523
4076
9603
329
4527
2455
1443
-4633
1050
-6070
-5001
-4475
735
-8517
-4396
-174
1663
-9646
1926
214
-3311
348
6753
-174
-9604
5231
3897
-1744
9855
9069
6003
-2908
-3717
-38
9072
-3425
-7530
-4582
1887
-5564
-6067
1156
1164
-1305
-7489
-1038
8165
4491
7527
8614
7701
1732
-8363
3233
9429
1903
-6707
-9577
-4907
2699
7157
556
4539
9693
-9876
7655
5398
2493
7851
-5717
-7074
-7902
-490
3015
-2338
927
-1832
-1562
1866
3278
8769
-5868
-6674
516
-3562
-6647
7852
7502
-5854
9847
9206
-1889
4606
-6124
-1155
8010
-613
5182
3122
9682
-5929
-3624
3594
9396
8037
2682
-9745
7426
-9506
-9189
3569
-1934
1515
1582
8713
7427
9178
7246
7856
9482
-963
-2517
-9491
4012
-5427
3911
-5408
4947
4176
-2081
3872
-2281
-2928
5560
-2116
-8331
-5756
-5997
4757
-1710
1764
-2277
9573
-1990
-2788
-5392
-204
-2220
8389
-838
9095
-4603
6616
7185
-2956
552
-1755
2841
6980
-5613
6560
-8092
-2758
3564
8653
1166
-8042
-3736
7278
-7651
-4786
-8909
3215
-9456
798
-5622
7637
2910
422
-9455
5261
-8124
-8126
-4495
-5987
6077
-1903
2094
-9966
1301
-4604
7562
4454
3361
9840
-280
-6611
-7442
4603
5459
-6762
1224
1319
-8370
-686
-5622
246
-7378
-4648
-6151
4011
-7131
3188
-7363
9310
-1825
2096
-4112
-5121
-9712
7059
-1101
-2697
-2636
-9563
-7032
3487
-7628
4451
3048
3705
893
-9966
547
3260
-5899
-5297
8638
-2284
-982
8876
-9794
-3286
-259
-7676
6894
-4003
-855
-3097
-2453
-109
6630
-9502
5994
-6954
-7570
1517
946
1189
6237
-8101
6399
4466
-5280
-3789
-8896
7272
-1398
7373
734
4374
-2878
4118
4703
3858
-5929
-1295
7510
5626
-9976
2844
-1783
7998
8202
-2280
-9528
4099
9956
-1242
-6350
7308
-805
6288
-7287
-8724
4873
6510
1940
2001
1481
6537
-6555
5055
-8449
-842
5292
7731
1378
-4153
1959
9923
-7946
-927
-3115
8174
3812
-1426
4407
-3940
-984
2539
6771
5782
6000
-9313
-1645
-408
-6778
-1618
4870
-6742
1455
-4676
8638
-1116
-7592
9389
8541
-8199
-1991
-5077
-8883
4598
-1369
967
8947
9555
-4881
713
5587
-3312
8379
-80
8624
4709
-3816
-2318
-8340
3993
-9158
-9650
-2255
-8963
-2461
5757
2173
8365
3711
-9195
3519
-3645
-4376
4558
6573
7851
3114
-8490
-8576
-3239
3707
-9940
9258
-2498
-2658
7620
-7972
6861
-3698
8178
4984
-3645
7645
6027
-7814
416
-8908
6226
5762
-8227
-4054
2856
-9178
8188
7620
4579
-6064
179
8479
2735
-2930
-9638
-5332
3626
-6681
7677
990
4638
3656
-473
281
-4070
8988
-1083
2433
1652
-4248
-2213
7004
8994
8545
-6153
3840
2456
-3342
5364
-3261
1322
4543
1177
-2296
4956
1629
4890
6938
-8171
2969
-3715
164
-2713
-2164
9871
7585
6585
6349
-3202
-5403
-5479
5208
5281
-2095
-3797
7421
-2718
-5997
6283
-3919
-4
-6554
-9649
6376
-771
3476
-8043
3790
8173
-9377
4609
-6210
-5484
3612
1547
1871
5544
5247
-214
687
-5484
-9618
-5717
1745
-6140
-1317
-8945
-6406
-9093
-7871
3279
-5818
-1247
1791
715
3233
-637
-4225
-1513
7430
1837
-4536
5689
-4841
8281
1533
8882
5713
7683
-153
-4415
4955
-9960
-8511
-2858
6566
-5061
4894
2259
6668
2189
8607
-8836
-2737
-3611
516
-6065
4641
8245
3468
-2573
8342
8186
5251
4840
-3488
-2881
3040
7624
-4751
5308
-6941
-8827
5238
1295
-5936
7187
6971
-9031
1642
1320
7528
-2331
-6092
-5138
-983
-4633
7439
4478
-4297
-9329
-3494
-7819
-551
-3331
5812
-8977
-2076
8124
-1974
-5249
-5292
2010
-8524
-7678
639
3734
5163
647
-2753
-7002
1041
6486
-2424
-1361
-6193
-4409
-5041
9548
4645
-1763
1808
-2274
-4374
-181
6766
5250
6413
-329
-5992
1020
-2953
3586
2924
5316
9376
-559
2809
1395
5195
7171
-4601
6659
-4948
1286
-2654
5029
5321
-257
-9263
-658
-7819
-4327
-2787
-3427
-9477
9791
3179
-3720
589
5282
-6154
-5746
-6641
3935
6333
-350
6215
8196
-8386
-7634
2838
-1392
-636
9516
4683
-6107
-8379
8123
-8120
-7223
6042
3625
-4754
-1125
5161
-6028
-3824
-1408
2637
-8653
8598
8925
-9673
4355
7626
8364
-4733
-9986
4885
-8832
1649
-6082
600
8144
4482
-2814
3749
5386
-8257
8237
7198
4179
8439
2964
6035
-1166
-4095
4563
-5940
-4126
-3951
8346
-6069
3633
-7247
6684
3270
802
9993
7125
782
6083
8025
-2742
4029
-140
4137
5168
-3025
3481
9546
-4303
-7114
-3740
6061
-5190
3503
3497
9502
-18
-670
-8370
9681
-2359
8684
-4894
-4761
3490
3462
-8859
-2150
5237
126
-2163
-8511
6186
-2783
107
-6387
-2152
5934
-7292
890
4997
-2652
5431
-2721
-3941
9312
3816
3437
-1819
-1563
6713
-9572
220
-6415
-2287
-2614
-5908
7623
-7515
-3539
9929
-2658
5063
-3888
3180
-39
-4018
8199
3477
8611
1913
2388
-5901
-7473
-1899
7115
-7934
6447
4111
8243
-8603
7074
-56
1506
2832
1905
2057
-1049
2054
-3447
-1348
-6131
-6624
-2650
5902
755
9962
6355
-9550
8999
-2486
5516
1498
4724
-6371
-4633
-5189
-5600
2468
-249
-3518
5139
-1838
-1859
5292
4167
944
6190
3205
-2802
9253
5364
-6887
3911
-5496
49
-7884
-5634
6286
-3087
-3682
-1853
-1290
2235
2340
112
2777
-7864
-6641
1998
2969
-8552
-6803
-7880
3471
-7846
1632
2984
9040
7622
5152
-9506
-1958
8235
-4307
-2842
7410
-3509
2888
9641
970
1607
9614
6072
-3586
-1094
-880
-7994
6743
-6996
-500
1556
-413
6317
-5051
7383
9873
4692
6725
-2444
1587
-672
7833
7302
-1748
3147
-9893
2565
